#
# Atom number : 
# 121 130 129
#
   -3.603630      5.388409
   -3.601300      5.259135
   -3.598960      5.131964
   -3.596630      5.003805
   -3.594300      4.872659
   -3.591960      4.738587
   -3.589630      4.602175
   -3.587290      4.468171
   -3.584960      4.342507
   -3.582630      4.233294
   -3.580290      4.148440
   -3.577960      4.095624
   -3.575620      4.078047
   -3.573290      4.097595
   -3.570950      4.150708
   -3.568620      4.229017
   -3.566290      4.322891
   -3.563950      4.417261
   -3.561620      4.498508
   -3.559280      4.550521
   -3.556950      4.561850
   -3.554620      4.521831
   -3.552280      4.425637
   -3.549950      4.273492
   -3.547610      4.068872
   -3.545280      3.822923
   -3.542950      3.547560
   -3.540610      3.259958
   -3.538280      2.977245
   -3.535940      2.716172
   -3.533610      2.492769
   -3.531280      2.320255
   -3.528940      2.207134
   -3.526610      2.159774
   -3.524270      2.177717
   -3.521940      2.260195
   -3.519600      2.399029
   -3.517270      2.585535
   -3.514940      2.808025
   -3.512600      3.052128
   -3.510270      3.303592
   -3.507930      3.549285
   -3.505600      3.775931
   -3.503270      3.972872
   -3.500930      4.133676
   -3.498600      4.254167
   -3.496260      4.334382
   -3.493930      4.377800
   -3.491600      4.390911
   -3.489260      4.381261
   -3.486930      4.359208
   -3.484590      4.332429
   -3.482260      4.309695
   -3.479920      4.297967
   -3.477590      4.300807
   -3.475260      4.319915
   -3.472920      4.354250
   -3.470590      4.400325
   -3.468250      4.451318
   -3.465920      4.500802
   -3.463590      4.540533
   -3.461250      4.564663
   -3.458920      4.569128
   -3.456580      4.554175
   -3.454250      4.523260
   -3.451920      4.485415
   -3.449580      4.450549
   -3.447250      4.431616
   -3.444910      4.438078
   -3.442580      4.475897
   -3.440240      4.546675
   -3.437910      4.642214
   -3.435580      4.749964
   -3.433240      4.851069
   -3.430910      4.923817
   -3.428570      4.947528
   -3.426240      4.904483
   -3.423910      4.785798
   -3.421570      4.588308
   -3.419240      4.318474
   -3.416900      3.991585
   -3.414570      3.627823
   -3.412240      3.251604
   -3.409900      2.888468
   -3.407570      2.560503
   -3.405230      2.287299
   -3.402900      2.081175
   -3.400570      1.950292
   -3.398230      1.895061
   -3.395900      1.909141
   -3.393560      1.982925
   -3.391230      2.101071
   -3.388890      2.248111
   -3.386560      2.406168
   -3.384230      2.559210
   -3.381890      2.692373
   -3.379560      2.795414
   -3.377220      2.862683
   -3.374890      2.891005
   -3.372560      2.885282
   -3.370220      2.852126
   -3.367890      2.801555
   -3.365550      2.745327
   -3.363220      2.695565
   -3.360890      2.661902
   -3.358550      2.652078
   -3.356220      2.670313
   -3.353880      2.716674
   -3.351550      2.788909
   -3.349210      2.882957
   -3.346880      2.992239
   -3.344550      3.110555
   -3.342210      3.230763
   -3.339880      3.348412
   -3.337540      3.459531
   -3.335210      3.562071
   -3.332880      3.653752
   -3.330540      3.734606
   -3.328210      3.804642
   -3.325870      3.865443
   -3.323540      3.919759
   -3.321210      3.969961
   -3.318870      4.020446
   -3.316540      4.076068
   -3.314200      4.142779
   -3.311870      4.223795
   -3.309530      4.322647
   -3.307200      4.440216
   -3.304870      4.574404
   -3.302530      4.721262
   -3.300200      4.874505
   -3.297860      5.026973
   -3.295530      5.172026
   -3.293200      5.303507
   -3.290860      5.417725
   -3.288530      5.512245
   -3.286190      5.586328
   -3.283860      5.640268
   -3.281530      5.674523
   -3.279190      5.686577
   -3.276860      5.676909
   -3.274520      5.641107
   -3.272190      5.577020
   -3.269850      5.482158
   -3.267520      5.357575
   -3.265190      5.205827
   -3.262850      5.034641
   -3.260520      4.855319
   -3.258180      4.680962
   -3.255850      4.527396
   -3.253520      4.410295
   -3.251180      4.341779
   -3.248850      4.331230
   -3.246510      4.380827
   -3.244180      4.487040
   -3.241850      4.638070
   -3.239510      4.815752
   -3.237180      4.997194
   -3.234840      5.157109
   -3.232510      5.269978
   -3.230180      5.314241
   -3.227840      5.276078
   -3.225510      5.146684
   -3.223170      4.929210
   -3.220840      4.634776
   -3.218500      4.280311
   -3.216170      3.888615
   -3.213840      3.485049
   -3.211500      3.091558
   -3.209170      2.729698
   -3.206830      2.414472
   -3.204500      2.157602
   -3.202170      1.965390
   -3.199830      1.839790
   -3.197500      1.781298
   -3.195160      1.787236
   -3.192830      1.853564
   -3.190500      1.975066
   -3.188160      2.145292
   -3.185830      2.354688
   -3.183490      2.591346
   -3.181160      2.841208
   -3.178820      3.088503
   -3.176490      3.316805
   -3.174160      3.510571
   -3.171820      3.658351
   -3.169490      3.750756
   -3.167150      3.787240
   -3.164820      3.773630
   -3.162490      3.720454
   -3.160150      3.644628
   -3.157820      3.566062
   -3.155480      3.504864
   -3.153150      3.479285
   -3.150820      3.503358
   -3.148480      3.584043
   -3.146150      3.721219
   -3.143810      3.906820
   -3.141480      4.125707
   -3.139140      4.357460
   -3.136810      4.577965
   -3.134480      4.763135
   -3.132140      4.891718
   -3.129810      4.947461
   -3.127470      4.920538
   -3.125140      4.808402
   -3.122810      4.617421
   -3.120470      4.360047
   -3.118140      4.053309
   -3.115800      3.715852
   -3.113470      3.368197
   -3.111140      3.028913
   -3.108800      2.712383
   -3.106470      2.430351
   -3.104130      2.190416
   -3.101800      1.997623
   -3.099470      1.854027
   -3.097130      1.759422
   -3.094800      1.711713
   -3.092460      1.708619
   -3.090130      1.745587
   -3.087790      1.817386
   -3.085460      1.916754
   -3.083130      2.034665
   -3.080790      2.160975
   -3.078460      2.285689
   -3.076120      2.396802
   -3.073790      2.484399
   -3.071460      2.540041
   -3.069120      2.557871
   -3.066790      2.534988
   -3.064450      2.472701
   -3.062120      2.375632
   -3.059790      2.251005
   -3.057450      2.108505
   -3.055120      1.958985
   -3.052780      1.813419
   -3.050450      1.681094
   -3.048110      1.569680
   -3.045780      1.484099
   -3.043450      1.426796
   -3.041110      1.397886
   -3.038780      1.393746
   -3.036440      1.411090
   -3.034110      1.444401
   -3.031780      1.487447
   -3.029440      1.535215
   -3.027110      1.582537
   -3.024770      1.625317
   -3.022440      1.660759
   -3.020110      1.686433
   -3.017770      1.701927
   -3.015440      1.707689
   -3.013100      1.704973
   -3.010770      1.695591
   -3.008430      1.682374
   -3.006100      1.668337
   -3.003770      1.657227
   -3.001430      1.652694
   -2.999100      1.658213
   -2.996760      1.676912
   -2.994430      1.713000
   -2.992100      1.768216
   -2.989760      1.845165
   -2.987430      1.945089
   -2.985090      2.067958
   -2.982760      2.212260
   -2.980430      2.376963
   -2.978090      2.558492
   -2.975760      2.753594
   -2.973420      2.958017
   -2.971090      3.167399
   -2.968750      3.376696
   -2.966420      3.580262
   -2.964090      3.772042
   -2.961750      3.944467
   -2.959420      4.090760
   -2.957080      4.202358
   -2.954750      4.272619
   -2.952420      4.295680
   -2.950080      4.268666
   -2.947750      4.191239
   -2.945410      4.067496
   -2.943080      3.904239
   -2.940750      3.712452
   -2.938410      3.504019
   -2.936080      3.292688
   -2.933740      3.090424
   -2.931410      2.908198
   -2.929080      2.753261
   -2.926740      2.628822
   -2.924410      2.533969
   -2.922070      2.464631
   -2.919740      2.413242
   -2.917400      2.369779
   -2.915070      2.324761
   -2.912740      2.268134
   -2.910400      2.192921
   -2.908070      2.094754
   -2.905730      1.972587
   -2.903400      1.828870
   -2.901070      1.669394
   -2.898730      1.500953
   -2.896400      1.332343
   -2.894060      1.171183
   -2.891730      1.023677
   -2.889400      0.894559
   -2.887060      0.785758
   -2.884730      0.697381
   -2.882390      0.627526
   -2.880060      0.573330
   -2.877720      0.532303
   -2.875390      0.501788
   -2.873060      0.480628
   -2.870720      0.469576
   -2.868390      0.471130
   -2.866050      0.489349
   -2.863720      0.529997
   -2.861390      0.598910
   -2.859050      0.702726
   -2.856720      0.846363
   -2.854380      1.033019
   -2.852050      1.262829
   -2.849720      1.532698
   -2.847380      1.835791
   -2.845050      2.160856
   -2.842710      2.493553
   -2.840380      2.817714
   -2.838040      3.116268
   -2.835710      3.373372
   -2.833380      3.575997
   -2.831040      3.715527
   -2.828710      3.789278
   -2.826370      3.799617
   -2.824040      3.755138
   -2.821710      3.668074
   -2.819370      3.554210
   -2.817040      3.428841
   -2.814700      3.307782
   -2.812370      3.203466
   -2.810040      3.124264
   -2.807700      3.076479
   -2.805370      3.061643
   -2.803030      3.079232
   -2.800700      3.127688
   -2.798360      3.205711
   -2.796030      3.312934
   -2.793700      3.451543
   -2.791360      3.625534
   -2.789030      3.841062
   -2.786690      4.103861
   -2.784360      4.418127
   -2.782030      4.784861
   -2.779690      5.199136
   -2.777360      5.649129
   -2.775020      6.115366
   -2.772690      6.572070
   -2.770360      6.988160
   -2.768020      7.330279
   -2.765690      7.567095
   -2.763350      7.672677
   -2.761020      7.628973
   -2.758690      7.430409
   -2.756350      7.083369
   -2.754020      6.605263
   -2.751680      6.023837
   -2.749350      5.373113
   -2.747010      4.689644
   -2.744680      4.008157
   -2.742350      3.359431
   -2.740010      2.767080
   -2.737680      2.246608
   -2.735340      1.805482
   -2.733010      1.443604
   -2.730680      1.155878
   -2.728340      0.933690
   -2.726010      0.766249
   -2.723670      0.641949
   -2.721340      0.550727
   -2.719010      0.483544
   -2.716670      0.433192
   -2.714340      0.393571
   -2.712000      0.361422
   -2.709670      0.334529
   -2.707330      0.311115
   -2.705000      0.291925
   -2.702670      0.278215
   -2.700330      0.271812
   -2.698000      0.276647
   -2.695660      0.296023
   -2.693330      0.334138
   -2.691000      0.395455
   -2.688660      0.482990
   -2.686330      0.600515
   -2.683990      0.748349
   -2.681660      0.926160
   -2.679330      1.131020
   -2.676990      1.357343
   -2.674660      1.598649
   -2.672320      1.846643
   -2.669990      2.092713
   -2.667650      2.329335
   -2.665320      2.550437
   -2.662990      2.751914
   -2.660650      2.932886
   -2.658320      3.094034
   -2.655980      3.237982
   -2.653650      3.368184
   -2.651320      3.485825
   -2.648980      3.591683
   -2.646650      3.683793
   -2.644310      3.757582
   -2.641980      3.805248
   -2.639650      3.819706
   -2.637310      3.793088
   -2.634980      3.719186
   -2.632640      3.596052
   -2.630310      3.425661
   -2.627980      3.215034
   -2.625640      2.975473
   -2.623310      2.721879
   -2.620970      2.472249
   -2.618640      2.244419
   -2.616300      2.055666
   -2.613970      1.920826
   -2.611640      1.851736
   -2.609300      1.855826
   -2.606970      1.936494
   -2.604630      2.094331
   -2.602300      2.326726
   -2.599970      2.629637
   -2.597630      2.997493
   -2.595300      3.424764
   -2.592960      3.904762
   -2.590630      4.429634
   -2.588300      4.990810
   -2.585960      5.575596
   -2.583630      6.168201
   -2.581290      6.750001
   -2.578960      7.297186
   -2.576620      7.785090
   -2.574290      8.188496
   -2.571960      8.483239
   -2.569620      8.651107
   -2.567290      8.679744
   -2.564950      8.565068
   -2.562620      8.311744
   -2.560290      7.933193
   -2.557950      7.449386
   -2.555620      6.886236
   -2.553280      6.271868
   -2.550950      5.636297
   -2.548620      5.007255
   -2.546280      4.411226
   -2.543950      3.869681
   -2.541610      3.401099
   -2.539280      3.018278
   -2.536940      2.729999
   -2.534610      2.539489
   -2.532280      2.445153
   -2.529940      2.440770
   -2.527610      2.515326
   -2.525270      2.653368
   -2.522940      2.836687
   -2.520610      3.045069
   -2.518270      3.257572
   -2.515940      3.455005
   -2.513600      3.620355
   -2.511270      3.741991
   -2.508940      3.812626
   -2.506600      3.831164
   -2.504270      3.801397
   -2.501930      3.732532
   -2.499600      3.635968
   -2.497260      3.525758
   -2.494930      3.416053
   -2.492600      3.320720
   -2.490260      3.251677
   -2.487930      3.218263
   -2.485590      3.226788
   -2.483260      3.280142
   -2.480930      3.377022
   -2.478590      3.512372
   -2.476260      3.676340
   -2.473920      3.855767
   -2.471590      4.034282
   -2.469260      4.193728
   -2.466920      4.315566
   -2.464590      4.383042
   -2.462250      4.383416
   -2.459920      4.309022
   -2.457590      4.158800
   -2.455250      3.938194
   -2.452920      3.659129
   -2.450580      3.337906
   -2.448250      2.993813
   -2.445910      2.647047
   -2.443580      2.316578
   -2.441250      2.017814
   -2.438910      1.762729
   -2.436580      1.558869
   -2.434240      1.409225
   -2.431910      1.313896
   -2.429580      1.269596
   -2.427240      1.271120
   -2.424910      1.312989
   -2.422570      1.388082
   -2.420240      1.489864
   -2.417910      1.610367
   -2.415570      1.742762
   -2.413240      1.878204
   -2.410900      2.009211
   -2.408570      2.127912
   -2.406230      2.227045
   -2.403900      2.301418
   -2.401570      2.347323
   -2.399230      2.363844
   -2.396900      2.352469
   -2.394560      2.317754
   -2.392230      2.266498
   -2.389900      2.206182
   -2.387560      2.145955
   -2.385230      2.094780
   -2.382890      2.060140
   -2.380560      2.049362
   -2.378230      2.067049
   -2.375890      2.117214
   -2.373560      2.201999
   -2.371220      2.322358
   -2.368890      2.478886
   -2.366550      2.670824
   -2.364220      2.897493
   -2.361890      3.157505
   -2.359550      3.448470
   -2.357220      3.766583
   -2.354880      4.106238
   -2.352550      4.459442
   -2.350220      4.815732
   -2.347880      5.161640
   -2.345550      5.482965
   -2.343210      5.763301
   -2.340880      5.987120
   -2.338550      6.141157
   -2.336210      6.215410
   -2.333880      6.205137
   -2.331540      6.111326
   -2.329210      5.942284
   -2.326870      5.711537
   -2.324540      5.437837
   -2.322210      5.143550
   -2.319870      4.851548
   -2.317540      4.583873
   -2.315200      4.359709
   -2.312870      4.192168
   -2.310540      4.089228
   -2.308200      4.051162
   -2.305870      4.072354
   -2.303530      4.141975
   -2.301200      4.244010
   -2.298870      4.361132
   -2.296530      4.474658
   -2.294200      4.566780
   -2.291860      4.622472
   -2.289530      4.630439
   -2.287200      4.584172
   -2.284860      4.482203
   -2.282530      4.328155
   -2.280190      4.130004
   -2.277860      3.899406
   -2.275520      3.649848
   -2.273190      3.395876
   -2.270860      3.150575
   -2.268520      2.924699
   -2.266190      2.725847
   -2.263850      2.557317
   -2.261520      2.419508
   -2.259190      2.310080
   -2.256850      2.224286
   -2.254520      2.156773
   -2.252180      2.102274
   -2.249850      2.056155
   -2.247520      2.014453
   -2.245180      1.974990
   -2.242850      1.936090
   -2.240510      1.898366
   -2.238180      1.862882
   -2.235840      1.832634
   -2.233510      1.812676
   -2.231180      1.811084
   -2.228840      1.837286
   -2.226510      1.904223
   -2.224170      2.026156
   -2.221840      2.217579
   -2.219510      2.492200
   -2.217170      2.860257
   -2.214840      3.325202
   -2.212500      3.883698
   -2.210170      4.522287
   -2.207840      5.218373
   -2.205500      5.940567
   -2.203170      6.651333
   -2.200830      7.310785
   -2.198500      7.880573
   -2.196160      8.326814
   -2.193830      8.626164
   -2.191500      8.766440
   -2.189160      8.747486
   -2.186830      8.581077
   -2.184490      8.289217
   -2.182160      7.899443
   -2.179830      7.444003
   -2.177490      6.954456
   -2.175160      6.460303
   -2.172820      5.986603
   -2.170490      5.553287
   -2.168160      5.174320
   -2.165820      4.858044
   -2.163490      4.607003
   -2.161150      4.419776
   -2.158820      4.290081
   -2.156490      4.208748
   -2.154150      4.163593
   -2.151820      4.141595
   -2.149480      4.128321
   -2.147150      4.110209
   -2.144810      4.074020
   -2.142480      4.010690
   -2.140150      3.911811
   -2.137810      3.774999
   -2.135480      3.599775
   -2.133140      3.390187
   -2.130810      3.152263
   -2.128480      2.895720
   -2.126140      2.630626
   -2.123810      2.366779
   -2.121470      2.112825
   -2.119140      1.875636
   -2.116810      1.660155
   -2.114470      1.468231
   -2.112140      1.298992
   -2.109800      1.151265
   -2.107470      1.021562
   -2.105130      0.908185
   -2.102800      0.808653
   -2.100470      0.722456
   -2.098130      0.649704
   -2.095800      0.591934
   -2.093460      0.550007
   -2.091130      0.526809
   -2.088800      0.522680
   -2.086460      0.537621
   -2.084130      0.570387
   -2.081790      0.617940
   -2.079460      0.675482
   -2.077130      0.737313
   -2.074790      0.797055
   -2.072460      0.848568
   -2.070120      0.886077
   -2.067790      0.905480
   -2.065450      0.904423
   -2.063120      0.883382
   -2.060790      0.844526
   -2.058450      0.791492
   -2.056120      0.730659
   -2.053780      0.668079
   -2.051450      0.610253
   -2.049120      0.563745
   -2.046780      0.533888
   -2.044450      0.525053
   -2.042110      0.540830
   -2.039780      0.583197
   -2.037450      0.653695
   -2.035110      0.752545
   -2.032780      0.879238
   -2.030440      1.032380
   -2.028110      1.208871
   -2.025770      1.404337
   -2.023440      1.612739
   -2.021110      1.826469
   -2.018770      2.036543
   -2.016440      2.233083
   -2.014100      2.406076
   -2.011770      2.546697
   -2.009440      2.648779
   -2.007100      2.708221
   -2.004770      2.724855
   -2.002430      2.702514
   -2.000100      2.647284
   -1.997770      2.569223
   -1.995430      2.478778
   -1.993100      2.387904
   -1.990760      2.307850
   -1.988430      2.249462
   -1.986100      2.222207
   -1.983760      2.234193
   -1.981430      2.292328
   -1.979090      2.402590
   -1.976760      2.568802
   -1.974420      2.792602
   -1.972090      3.072682
   -1.969760      3.403306
   -1.967420      3.773465
   -1.965090      4.167432
   -1.962750      4.564057
   -1.960420      4.939169
   -1.958090      5.266533
   -1.955750      5.520549
   -1.953420      5.680873
   -1.951080      5.731895
   -1.948750      5.667483
   -1.946420      5.489823
   -1.944080      5.209627
   -1.941750      4.845182
   -1.939410      4.418968
   -1.937080      3.956246
   -1.934740      3.481651
   -1.932410      3.017257
   -1.930080      2.580856
   -1.927740      2.185289
   -1.925410      1.837662
   -1.923070      1.540081
   -1.920740      1.291672
   -1.918410      1.088665
   -1.916070      0.925667
   -1.913740      0.797014
   -1.911400      0.698782
   -1.909070      0.628149
   -1.906740      0.583910
   -1.904400      0.567634
   -1.902070      0.581916
   -1.899730      0.630338
   -1.897400      0.717546
   -1.895060      0.846882
   -1.892730      1.020116
   -1.890400      1.236602
   -1.888060      1.492298
   -1.885730      1.779465
   -1.883390      2.086434
   -1.881060      2.398893
   -1.878730      2.700877
   -1.876390      2.975526
   -1.874060      3.207704
   -1.871720      3.386572
   -1.869390      3.504980
   -1.867060      3.562120
   -1.864720      3.563038
   -1.862390      3.517137
   -1.860050      3.438067
   -1.857720      3.340711
   -1.855380      3.239434
   -1.853050      3.145610
   -1.850720      3.067866
   -1.848380      3.009976
   -1.846050      2.971024
   -1.843710      2.946778
   -1.841380      2.930631
   -1.839050      2.914887
   -1.836710      2.891490
   -1.834380      2.853777
   -1.832040      2.797061
   -1.829710      2.717472
   -1.827380      2.614867
   -1.825040      2.489550
   -1.822710      2.344394
   -1.820370      2.183268
   -1.818040      2.011823
   -1.815710      1.835816
   -1.813370      1.662580
   -1.811040      1.498949
   -1.808700      1.352041
   -1.806370      1.227967
   -1.804030      1.132915
   -1.801700      1.070719
   -1.799370      1.045101
   -1.797030      1.057701
   -1.794700      1.109279
   -1.792360      1.199048
   -1.790030      1.324898
   -1.787700      1.483564
   -1.785360      1.670058
   -1.783030      1.877390
   -1.780690      2.097004
   -1.778360      2.318736
   -1.776030      2.531301
   -1.773690      2.722562
   -1.771360      2.880584
   -1.769020      2.994450
   -1.766690      3.056184
   -1.764350      3.061027
   -1.762020      3.009461
   -1.759690      2.905917
   -1.757350      2.759865
   -1.755020      2.585550
   -1.752680      2.399108
   -1.750350      2.217971
   -1.748020      2.059020
   -1.745680      1.936670
   -1.743350      1.860502
   -1.741010      1.836270
   -1.738680      1.862550
   -1.736350      1.934144
   -1.734010      2.041264
   -1.731680      2.171073
   -1.729340      2.309655
   -1.727010      2.444636
   -1.724670      2.565411
   -1.722340      2.665256
   -1.720010      2.742375
   -1.717670      2.799205
   -1.715340      2.842030
   -1.713000      2.879681
   -1.710670      2.922163
   -1.708340      2.977870
   -1.706000      3.052301
   -1.703670      3.146064
   -1.701330      3.255334
   -1.699000      3.370571
   -1.696670      3.477874
   -1.694330      3.562072
   -1.692000      3.606383
   -1.689660      3.597375
   -1.687330      3.526052
   -1.685000      3.388844
   -1.682660      3.189164
   -1.680330      2.936551
   -1.677990      2.645023
   -1.675660      2.332661
   -1.673320      2.018238
   -1.670990      1.719923
   -1.668660      1.453503
   -1.666320      1.231741
   -1.663990      1.063032
   -1.661650      0.951914
   -1.659320      0.899009
   -1.656990      0.902279
   -1.654650      0.956244
   -1.652320      1.053540
   -1.649980      1.184315
   -1.647650      1.337675
   -1.645320      1.501134
   -1.642980      1.661660
   -1.640650      1.805996
   -1.638310      1.922597
   -1.635980      2.001059
   -1.633640      2.034219
   -1.631310      2.018573
   -1.628980      1.954058
   -1.626640      1.844835
   -1.624310      1.698651
   -1.621970      1.524902
   -1.619640      1.334944
   -1.617310      1.140733
   -1.614970      0.952283
   -1.612640      0.778808
   -1.610300      0.627404
   -1.607970      0.502397
   -1.605640      0.405824
   -1.603300      0.339093
   -1.600970      0.300212
   -1.598630      0.288012
   -1.596300      0.298767
   -1.593960      0.329129
   -1.591630      0.375037
   -1.589300      0.431369
   -1.586960      0.493190
   -1.584630      0.554749
   -1.582290      0.611142
   -1.579960      0.657140
   -1.577630      0.688594
   -1.575290      0.702918
   -1.572960      0.698731
   -1.570620      0.675765
   -1.568290      0.636385
   -1.565960      0.583234
   -1.563620      0.520468
   -1.561290      0.452138
   -1.558950      0.382902
   -1.556620      0.316804
   -1.554280      0.257319
   -1.551950      0.207415
   -1.549620      0.169135
   -1.547280      0.145398
   -1.544950      0.137936
   -1.542610      0.149657
   -1.540280      0.184726
   -1.537950      0.247466
   -1.535610      0.343622
   -1.533280      0.479443
   -1.530940      0.660370
   -1.528610      0.891644
   -1.526280      1.176385
   -1.523940      1.513556
   -1.521610      1.898215
   -1.519270      2.320311
   -1.516940      2.764089
   -1.514610      3.210288
   -1.512270      3.635620
   -1.509940      4.015444
   -1.507600      4.327082
   -1.505270      4.551617
   -1.502930      4.675339
   -1.500600      4.692433
   -1.498270      4.604963
   -1.495930      4.422047
   -1.493600      4.159673
   -1.491260      3.837052
   -1.488930      3.475150
   -1.486600      3.095480
   -1.484260      2.716919
   -1.481930      2.354159
   -1.479590      2.018625
   -1.477260      1.717227
   -1.474930      1.452626
   -1.472590      1.225112
   -1.470260      1.032329
   -1.467920      0.870630
   -1.465590      0.736078
   -1.463250      0.623964
   -1.460920      0.530892
   -1.458590      0.453335
   -1.456250      0.388763
   -1.453920      0.334673
   -1.451580      0.289483
   -1.449250      0.252031
   -1.446920      0.221469
   -1.444580      0.197820
   -1.442250      0.181421
   -1.439910      0.172705
   -1.437580      0.173424
   -1.435250      0.185687
   -1.432910      0.212353
   -1.430580      0.255812
   -1.428240      0.319832
   -1.425910      0.406323
   -1.423570      0.517249
   -1.421240      0.653317
   -1.418910      0.812559
   -1.416570      0.991401
   -1.414240      1.184797
   -1.411900      1.385003
   -1.409570      1.583056
   -1.407240      1.771262
   -1.404900      1.940115
   -1.402570      2.083704
   -1.400230      2.196725
   -1.397900      2.278623
   -1.395570      2.330991
   -1.393230      2.357818
   -1.390900      2.365037
   -1.388560      2.359655
   -1.386230      2.348352
   -1.383890      2.335531
   -1.381560      2.324695
   -1.379230      2.315543
   -1.376890      2.305903
   -1.374560      2.290792
   -1.372220      2.264812
   -1.369890      2.221787
   -1.367560      2.157008
   -1.365220      2.067453
   -1.362890      1.952827
   -1.360550      1.816073
   -1.358220      1.662442
   -1.355890      1.499533
   -1.353550      1.335591
   -1.351220      1.179785
   -1.348880      1.038760
   -1.346550      0.918969
   -1.344220      0.823841
   -1.341880      0.753804
   -1.339550      0.707037
   -1.337210      0.680051
   -1.334880      0.667501
   -1.332540      0.663029
   -1.330210      0.660412
   -1.327880      0.654947
   -1.325540      0.642032
   -1.323210      0.618941
   -1.320870      0.585171
   -1.318540      0.541094
   -1.316210      0.488699
   -1.313870      0.430553
   -1.311540      0.370330
   -1.309200      0.311064
   -1.306870      0.255683
   -1.304540      0.207373
   -1.302200      0.167275
   -1.299870      0.138005
   -1.297530      0.120229
   -1.295200      0.115585
   -1.292860      0.125674
   -1.290530      0.151690
   -1.288200      0.195435
   -1.285860      0.258928
   -1.283530      0.343267
   -1.281190      0.449230
   -1.278860      0.576106
   -1.276530      0.722542
   -1.274190      0.884009
   -1.271860      1.054510
   -1.269520      1.226693
   -1.267190      1.390789
   -1.264860      1.537330
   -1.262520      1.656817
   -1.260190      1.741104
   -1.257850      1.783884
   -1.255520      1.782895
   -1.253180      1.737983
   -1.250850      1.652665
   -1.248520      1.533626
   -1.246180      1.389913
   -1.243850      1.230900
   -1.241510      1.067491
   -1.239180      0.909439
   -1.236850      0.765655
   -1.234510      0.643558
   -1.232180      0.548922
   -1.229840      0.485423
   -1.227510      0.455968
   -1.225180      0.460993
   -1.222840      0.500146
   -1.220510      0.570400
   -1.218170      0.668777
   -1.215840      0.789376
   -1.213510      0.924875
   -1.211170      1.066951
   -1.208840      1.206546
   -1.206500      1.334257
   -1.204170      1.441654
   -1.201830      1.521548
   -1.199500      1.569069
   -1.197170      1.582726
   -1.194830      1.563440
   -1.192500      1.514777
   -1.190160      1.443115
   -1.187830      1.355319
   -1.185500      1.260721
   -1.183160      1.167204
   -1.180830      1.083805
   -1.178490      1.019065
   -1.176160      0.980818
   -1.173830      0.977442
   -1.171490      1.016320
   -1.169160      1.104327
   -1.166820      1.247069
   -1.164490      1.447519
   -1.162150      1.704701
   -1.159820      2.014095
   -1.157490      2.364007
   -1.155150      2.738565
   -1.152820      3.116545
   -1.150480      3.472575
   -1.148150      3.780738
   -1.145820      4.017291
   -1.143480      4.163111
   -1.141150      4.205510
   -1.138810      4.141410
   -1.136480      3.977310
   -1.134150      3.727749
   -1.131810      3.415159
   -1.129480      3.064208
   -1.127140      2.703228
   -1.124810      2.356629
   -1.122470      2.045361
   -1.120140      1.784582
   -1.117810      1.582494
   -1.115470      1.440383
   -1.113140      1.354735
   -1.110800      1.317350
   -1.108470      1.317196
   -1.106140      1.342675
   -1.103800      1.382578
   -1.101470      1.427079
   -1.099130      1.468321
   -1.096800      1.501348
   -1.094470      1.522353
   -1.092130      1.529763
   -1.089800      1.523360
   -1.087460      1.502645
   -1.085130      1.468117
   -1.082790      1.420127
   -1.080460      1.358932
   -1.078130      1.285770
   -1.075790      1.201204
   -1.073460      1.107933
   -1.071120      1.007763
   -1.068790      0.903272
   -1.066460      0.798127
   -1.064120      0.695558
   -1.061790      0.598036
   -1.059450      0.507665
   -1.057120      0.426451
   -1.054790      0.355137
   -1.052450      0.294552
   -1.050120      0.244951
   -1.047780      0.206459
   -1.045450      0.179083
   -1.043120      0.163367
   -1.040780      0.159926
   -1.038450      0.169335
   -1.036110      0.192581
   -1.033780      0.229843
   -1.031440      0.281107
   -1.029110      0.345066
   -1.026780      0.420205
   -1.024440      0.503542
   -1.022110      0.590541
   -1.019770      0.676304
   -1.017440      0.754981
   -1.015110      0.821257
   -1.012770      0.869606
   -1.010440      0.896774
   -1.008100      0.899828
   -1.005770      0.878641
   -1.003440      0.835319
   -1.001100      0.772629
   -0.998770      0.695622
   -0.996430      0.609418
   -0.994100      0.519837
   -0.991760      0.431947
   -0.989430      0.350041
   -0.987100      0.276975
   -0.984760      0.215419
   -0.982430      0.165992
   -0.980090      0.130047
   -0.977760      0.106578
   -0.975430      0.096586
   -0.973090      0.099578
   -0.970760      0.115415
   -0.968420      0.144846
   -0.966090      0.188474
   -0.963760      0.245951
   -0.961420      0.317171
   -0.959090      0.400632
   -0.956750      0.494241
   -0.954420      0.593738
   -0.952080      0.694653
   -0.949750      0.791353
   -0.947420      0.877118
   -0.945080      0.946204
   -0.942750      0.993526
   -0.940410      1.015174
   -0.938080      1.009240
   -0.935750      0.976479
   -0.933410      0.919529
   -0.931080      0.842404
   -0.928740      0.751275
   -0.926410      0.652032
   -0.924080      0.550468
   -0.921740      0.452239
   -0.919410      0.361623
   -0.917070      0.281400
   -0.914740      0.213196
   -0.912400      0.157238
   -0.910070      0.112775
   -0.907740      0.078726
   -0.905400      0.053709
   -0.903070      0.035802
   -0.900730      0.023783
   -0.898400      0.016223
   -0.896070      0.012187
   -0.893730      0.011692
   -0.891400      0.014282
   -0.889060      0.020630
   -0.886730      0.032469
   -0.884400      0.051072
   -0.882060      0.079445
   -0.879730      0.120367
   -0.877390      0.178028
   -0.875060      0.256190
   -0.872730      0.358924
   -0.870390      0.489192
   -0.868060      0.649000
   -0.865720      0.837912
   -0.863390      1.052865
   -0.861050      1.287338
   -0.858720      1.531777
   -0.856390      1.773590
   -0.854050      1.998620
   -0.851720      2.191561
   -0.849380      2.338614
   -0.847050      2.428778
   -0.844720      2.454278
   -0.842380      2.413671
   -0.840050      2.310065
   -0.837710      2.151412
   -0.835380      1.949823
   -0.833050      1.719980
   -0.830710      1.476260
   -0.828380      1.232944
   -0.826040      1.002294
   -0.823710      0.792841
   -0.821370      0.610344
   -0.819040      0.457050
   -0.816710      0.333197
   -0.814370      0.236564
   -0.812040      0.163271
   -0.809700      0.109670
   -0.807370      0.071658
   -0.805040      0.045691
   -0.802700      0.028132
   -0.800370      0.017131
   -0.798030      0.009900
   -0.795700      0.005782
   -0.793370      0.003211
   -0.791030      0.001926
   -0.788700      0.001328
   -0.786360      0.001305
   -0.784030      0.001893
   -0.781690      0.002961
   -0.779360      0.004475
   -0.777030      0.007317
   -0.774690      0.011214
   -0.772360      0.016519
   -0.770020      0.024339
   -0.767690      0.034749
   -0.765360      0.048253
   -0.763020      0.065176
   -0.760690      0.085618
   -0.758350      0.109532
   -0.756020      0.136408
   -0.753690      0.165366
   -0.751350      0.194901
   -0.749020      0.223748
   -0.746680      0.250068
   -0.744350      0.272165
   -0.742020      0.288064
   -0.739680      0.296842
   -0.737350      0.297637
   -0.735010      0.290459
   -0.732680      0.276009
   -0.730340      0.255284
   -0.728010      0.229877
   -0.725680      0.201259
   -0.723340      0.171561
   -0.721010      0.142441
   -0.718670      0.114868
   -0.716340      0.090431
   -0.714010      0.069217
   -0.711670      0.051639
   -0.709340      0.037384
   -0.707000      0.026517
   -0.704670      0.018012
   -0.702340      0.012064
   -0.700000      0.007948
   -0.697670      0.004801
   -0.695330      0.003015
   -0.693000      0.001807
   -0.690660      0.001010
   -0.688330      0.000609
   -0.686000      0.000162
   -0.683660      0.000076
   -0.681330      0.000000
   -0.678990      0.000000
   -0.676660      0.000000
   -0.674330      0.000270
   -0.671990      0.000379
   -0.669660      0.000955
   -0.667320      0.001585
   -0.664990      0.002913
   -0.662660      0.004772
   -0.660320      0.007771
   -0.657990      0.012242
   -0.655650      0.019135
   -0.653320      0.028812
   -0.650980      0.042142
   -0.648650      0.060244
   -0.646320      0.083437
   -0.643980      0.112750
   -0.641650      0.148217
   -0.639310      0.189699
   -0.636980      0.236485
   -0.634650      0.286705
   -0.632310      0.338526
   -0.629980      0.388823
   -0.627640      0.435000
   -0.625310      0.473283
   -0.622980      0.501466
   -0.620640      0.517122
   -0.618310      0.518654
   -0.615970      0.506630
   -0.613640      0.481742
   -0.611300      0.445675
   -0.608970      0.401293
   -0.606640      0.351735
   -0.604300      0.300098
   -0.601970      0.249126
   -0.599630      0.201448
   -0.597300      0.158448
   -0.594970      0.121185
   -0.592630      0.090297
   -0.590300      0.065593
   -0.587960      0.046371
   -0.585630      0.031736
   -0.583300      0.021320
   -0.580960      0.014090
   -0.578630      0.008719
   -0.576290      0.005523
   -0.573960      0.003479
   -0.571630      0.002468
   -0.569290      0.001991
   -0.566960      0.002114
   -0.564620      0.003302
   -0.562290      0.004982
   -0.559950      0.007871
   -0.557620      0.012757
   -0.555290      0.019484
   -0.552950      0.029396
   -0.550620      0.043113
   -0.548280      0.061725
   -0.545950      0.085626
   -0.543620      0.115644
   -0.541280      0.152009
   -0.538950      0.194358
   -0.536610      0.242030
   -0.534280      0.293170
   -0.531950      0.345649
   -0.529610      0.396820
   -0.527280      0.442966
   -0.524940      0.481020
   -0.522610      0.508682
   -0.520270      0.523338
   -0.517940      0.524153
   -0.515610      0.510611
   -0.513270      0.484236
   -0.510940      0.446923
   -0.508600      0.401399
   -0.506270      0.350687
   -0.503940      0.298325
   -0.501600      0.246752
   -0.499270      0.198753
   -0.496930      0.155738
   -0.494600      0.118753
   -0.492270      0.088090
   -0.489930      0.063491
   -0.487600      0.044704
   -0.485260      0.030736
   -0.482930      0.020335
   -0.480590      0.013237
   -0.478260      0.008198
   -0.475930      0.004982
   -0.473590      0.003139
   -0.471260      0.001743
   -0.468920      0.000882
   -0.466590      0.000511
   -0.464260      0.000184
   -0.461920      0.000108
   -0.459590      0.000000
   -0.457250      0.000000
   -0.454920      0.000000
   -0.452590      0.000000
   -0.450250      0.000000
   -0.447920      0.000000
   -0.445580      0.000000
   -0.443250      0.000000
   -0.440910      0.000000
   -0.438580      0.000000
   -0.436250      0.000108
   -0.433910      0.000293
   -0.431580      0.000588
   -0.429240      0.001068
   -0.426910      0.001951
   -0.424580      0.003347
   -0.422240      0.005757
   -0.419910      0.009400
   -0.417570      0.014559
   -0.415240      0.022301
   -0.412910      0.033328
   -0.410570      0.048115
   -0.408240      0.067976
   -0.405900      0.093136
   -0.403570      0.124251
   -0.401240      0.161300
   -0.398900      0.204007
   -0.396570      0.250760
   -0.394230      0.300339
   -0.391900      0.350004
   -0.389560      0.396933
   -0.387230      0.438646
   -0.384900      0.471842
   -0.382560      0.494468
   -0.380230      0.505237
   -0.377890      0.503389
   -0.375560      0.489767
   -0.373230      0.465775
   -0.370890      0.434078
   -0.368560      0.397352
   -0.366220      0.358291
   -0.363890      0.319880
   -0.361560      0.284064
   -0.359220      0.251860
   -0.356890      0.224282
   -0.354550      0.201272
   -0.352220      0.182000
   -0.349880      0.165503
   -0.347550      0.151040
   -0.345220      0.137606
   -0.342880      0.124538
   -0.340550      0.111530
   -0.338210      0.098178
   -0.335880      0.084958
   -0.333550      0.071967
   -0.331210      0.059512
   -0.328880      0.048213
   -0.326540      0.037893
   -0.324210      0.029063
   -0.321880      0.021803
   -0.319540      0.015913
   -0.317210      0.011145
   -0.314870      0.007761
   -0.312540      0.005269
   -0.310200      0.003340
   -0.307870      0.002165
   -0.305540      0.001206
   -0.303200      0.000662
   -0.300870      0.000423
   -0.298530      0.000162
   -0.296200      0.000076
   -0.293870      0.000000
   -0.291530      0.000000
   -0.289200      0.000000
   -0.286860      0.000000
   -0.284530      0.000000
   -0.282200      0.000108
   -0.279860      0.000293
   -0.277530      0.000588
   -0.275190      0.001154
   -0.272860      0.002005
   -0.270530      0.003748
   -0.268190      0.006235
   -0.265860      0.010258
   -0.263520      0.016418
   -0.261190      0.025740
   -0.258850      0.038756
   -0.256520      0.057150
   -0.254190      0.081659
   -0.251850      0.113778
   -0.249520      0.154248
   -0.247180      0.203626
   -0.244850      0.261322
   -0.242520      0.326075
   -0.240180      0.396657
   -0.237850      0.469072
   -0.235510      0.539971
   -0.233180      0.604832
   -0.230850      0.659497
   -0.228510      0.699411
   -0.226180      0.722230
   -0.223840      0.725414
   -0.221510      0.709189
   -0.219170      0.674685
   -0.216840      0.624771
   -0.214510      0.562899
   -0.212170      0.493744
   -0.209840      0.421025
   -0.207500      0.349678
   -0.205170      0.282506
   -0.202840      0.222270
   -0.200500      0.170078
   -0.198170      0.126708
   -0.195830      0.092004
   -0.193500      0.065349
   -0.191170      0.045930
   -0.188830      0.032149
   -0.186500      0.023710
   -0.184160      0.019870
   -0.181830      0.020229
   -0.179490      0.024959
   -0.177160      0.034810
   -0.174830      0.050634
   -0.172490      0.073946
   -0.170160      0.106174
   -0.167820      0.149050
   -0.165490      0.203849
   -0.163160      0.271737
   -0.160820      0.352397
   -0.158490      0.445069
   -0.156150      0.546755
   -0.153820      0.653814
   -0.151490      0.760577
   -0.149150      0.861292
   -0.146820      0.949310
   -0.144480      1.018365
   -0.142150      1.063431
   -0.139810      1.080956
   -0.137480      1.069907
   -0.135150      1.031391
   -0.132810      0.969074
   -0.130480      0.888197
   -0.128140      0.794983
   -0.125810      0.696473
   -0.123480      0.598736
   -0.121140      0.507693
   -0.118810      0.427072
   -0.116470      0.359832
   -0.114140      0.306759
   -0.111810      0.267235
   -0.109470      0.240351
   -0.107140      0.223604
   -0.104800      0.214559
   -0.102470      0.210864
   -0.100140      0.209577
   -0.097800      0.209411
   -0.095470      0.208600
   -0.093130      0.205412
   -0.090800      0.200185
   -0.088460      0.191656
   -0.086130      0.180295
   -0.083800      0.166577
   -0.081460      0.150694
   -0.079130      0.133568
   -0.076790      0.115921
   -0.074460      0.098447
   -0.072130      0.081501
   -0.069790      0.065957
   -0.067460      0.052322
   -0.065120      0.040355
   -0.062790      0.030481
   -0.060460      0.022644
   -0.058120      0.016193
   -0.055790      0.011278
   -0.053450      0.008129
   -0.051120      0.005731
   -0.048780      0.004554
   -0.046450      0.003867
   -0.044120      0.004206
   -0.041780      0.005230
   -0.039450      0.007039
   -0.037110      0.010014
   -0.034780      0.014209
   -0.032450      0.019504
   -0.030110      0.026106
   -0.027780      0.034625
   -0.025440      0.044636
   -0.023110      0.056150
   -0.020780      0.068960
   -0.018440      0.082758
   -0.016110      0.096950
   -0.013770      0.111161
   -0.011440      0.124078
   -0.009100      0.135818
   -0.006770      0.145171
   -0.004440      0.151879
   -0.002100      0.155353
    0.000230      0.155561
    0.002570      0.152481
    0.004900      0.146035
    0.007230      0.137270
    0.009570      0.126436
    0.011900      0.114076
    0.014240      0.101051
    0.016570      0.087483
    0.018900      0.074174
    0.021240      0.061876
    0.023570      0.050633
    0.025910      0.040296
    0.028240      0.031504
    0.030580      0.024171
    0.032910      0.018046
    0.035240      0.013198
    0.037580      0.009688
    0.039910      0.006768
    0.042250      0.004610
    0.044580      0.003062
    0.046910      0.002070
    0.049250      0.001274
    0.051580      0.000903
    0.053920      0.000370
    0.056250      0.000184
    0.058580      0.000076
    0.060920      0.000000
    0.063250      0.000000
    0.065590      0.000000
    0.067920      0.000000
    0.070250      0.000000
    0.072590      0.000000
    0.074920      0.000153
    0.077260      0.000347
    0.079590      0.000609
    0.081930      0.001219
    0.084260      0.001938
    0.086590      0.003051
    0.088930      0.004643
    0.091260      0.007203
    0.093600      0.010614
    0.095930      0.015027
    0.098260      0.020640
    0.100600      0.027746
    0.102930      0.036434
    0.105270      0.046471
    0.107600      0.057937
    0.109930      0.070157
    0.112270      0.083302
    0.114600      0.096338
    0.116940      0.108918
    0.119270      0.120734
    0.121610      0.130820
    0.123940      0.139032
    0.126270      0.145564
    0.128610      0.149681
    0.130940      0.152293
    0.133280      0.152834
    0.135610      0.151772
    0.137940      0.149372
    0.140280      0.145683
    0.142610      0.140609
    0.144950      0.134684
    0.147280      0.127372
    0.149610      0.119141
    0.151950      0.110333
    0.154280      0.101653
    0.156620      0.093539
    0.158950      0.086884
    0.161290      0.082920
    0.163620      0.083371
    0.165950      0.089740
    0.168290      0.103673
    0.170620      0.127437
    0.172960      0.161579
    0.175290      0.208494
    0.177620      0.268296
    0.179960      0.340934
    0.182290      0.424747
    0.184630      0.517189
    0.186960      0.614635
    0.189290      0.711243
    0.191630      0.801923
    0.193960      0.880035
    0.196300      0.940055
    0.198630      0.977090
    0.200960      0.988773
    0.203300      0.973362
    0.205630      0.932752
    0.207970      0.869702
    0.210300      0.789289
    0.212640      0.697106
    0.214970      0.599004
    0.217300      0.500884
    0.219640      0.407859
    0.221970      0.323424
    0.224310      0.249837
    0.226640      0.188344
    0.228970      0.139276
    0.231310      0.102046
    0.233640      0.075791
    0.235980      0.059301
    0.238310      0.051423
    0.240640      0.051631
    0.242980      0.059851
    0.245310      0.075821
    0.247650      0.099682
    0.249980      0.131274
    0.252320      0.170797
    0.254650      0.217690
    0.256980      0.270167
    0.259320      0.327077
    0.261650      0.385298
    0.263990      0.441925
    0.266320      0.493103
    0.268650      0.535517
    0.270990      0.565853
    0.273320      0.581996
    0.275660      0.582824
    0.277990      0.567641
    0.280320      0.538165
    0.282660      0.496341
    0.284990      0.445544
    0.287330      0.389134
    0.289660      0.330892
    0.292000      0.274004
    0.294330      0.220362
    0.296660      0.172770
    0.299000      0.131731
    0.301330      0.097742
    0.303670      0.070557
    0.306000      0.049455
    0.308330      0.033792
    0.310670      0.022465
    0.313000      0.014801
    0.315340      0.009274
    0.317670      0.005624
    0.320000      0.003432
    0.322340      0.002059
    0.324670      0.001207
    0.327010      0.001022
    0.329340      0.001152
    0.331680      0.001478
    0.334010      0.002185
    0.336340      0.003555
    0.338680      0.005447
    0.341010      0.007796
    0.343350      0.011515
    0.345680      0.016214
    0.348010      0.021925
    0.350350      0.029558
    0.352680      0.038216
    0.355020      0.048308
    0.357350      0.059305
    0.359680      0.070769
    0.362020      0.082330
    0.364350      0.093106
    0.366690      0.102699
    0.369020      0.110008
    0.371350      0.114892
    0.373690      0.116349
    0.376020      0.115054
    0.378360      0.110520
    0.380690      0.103624
    0.383030      0.094129
    0.385360      0.083394
    0.387690      0.071791
    0.390030      0.060327
    0.392360      0.049331
    0.394700      0.039108
    0.397030      0.030256
    0.399360      0.022816
    0.401700      0.016835
    0.404030      0.012081
    0.406370      0.008657
    0.408700      0.006526
    0.411030      0.005114
    0.413370      0.004997
    0.415700      0.005873
    0.418040      0.008307
    0.420370      0.012244
    0.422710      0.018428
    0.425040      0.027535
    0.427370      0.040251
    0.429710      0.057362
    0.432040      0.079837
    0.434380      0.108070
    0.436710      0.142270
    0.439040      0.182359
    0.441380      0.227377
    0.443710      0.275960
    0.446050      0.326104
    0.448380      0.374764
    0.450710      0.419411
    0.453050      0.456447
    0.455380      0.483601
    0.457720      0.498498
    0.460050      0.500132
    0.462390      0.488214
    0.464720      0.463862
    0.467050      0.428703
    0.469390      0.385876
    0.471720      0.337805
    0.474060      0.287695
    0.476390      0.238707
    0.478720      0.192512
    0.481060      0.151268
    0.483390      0.115595
    0.485730      0.085804
    0.488060      0.062127
    0.490390      0.043599
    0.492730      0.030099
    0.495060      0.020108
    0.497400      0.012987
    0.499730      0.008189
    0.502060      0.004982
    0.504400      0.002944
    0.506730      0.001657
    0.509070      0.000882
    0.511400      0.000511
    0.513740      0.000293
    0.516070      0.000108
    0.518400      0.000108
    0.520740      0.000108
    0.523070      0.000108
    0.525410      0.000293
    0.527740      0.000511
    0.530070      0.001144
    0.532410      0.002332
    0.534740      0.003695
    0.537080      0.006246
    0.539410      0.010314
    0.541740      0.016353
    0.544080      0.025590
    0.546410      0.038467
    0.548750      0.056665
    0.551080      0.080979
    0.553420      0.112565
    0.555750      0.152169
    0.558080      0.200405
    0.560420      0.257072
    0.562750      0.320574
    0.565090      0.389223
    0.567420      0.459912
    0.569750      0.528723
    0.572090      0.591398
    0.574420      0.644050
    0.576760      0.682322
    0.579090      0.703442
    0.581420      0.705853
    0.583760      0.689420
    0.586090      0.655139
    0.588430      0.605658
    0.590760      0.545024
    0.593100      0.477335
    0.595430      0.406919
    0.597760      0.337215
    0.600100      0.272153
    0.602430      0.213829
    0.604770      0.163301
    0.607100      0.121508
    0.609430      0.087924
    0.611770      0.061843
    0.614100      0.042348
    0.616440      0.028435
    0.618770      0.018305
    0.621100      0.011600
    0.623440      0.007097
    0.625770      0.004284
    0.628110      0.002441
    0.630440      0.001439
    0.632780      0.000697
    0.635110      0.000293
    0.637440      0.000108
    0.639780      0.000108
    0.642110      0.000108
    0.644450      0.000108
    0.646780      0.000184
    0.649110      0.000511
    0.651450      0.001054
    0.653780      0.001838
    0.656120      0.003538
    0.658450      0.005563
    0.660780      0.009244
    0.663120      0.014718
    0.665450      0.022767
    0.667790      0.034427
    0.670120      0.050761
    0.672450      0.072418
    0.674790      0.100751
    0.677120      0.136662
    0.679460      0.180227
    0.681790      0.231197
    0.684130      0.288525
    0.686460      0.350657
    0.688790      0.415204
    0.691130      0.477934
    0.693460      0.535548
    0.695800      0.584396
    0.698130      0.620688
    0.700460      0.641476
    0.702800      0.645232
    0.705130      0.631677
    0.707470      0.602072
    0.709800      0.558715
    0.712130      0.504444
    0.714470      0.443717
    0.716800      0.379745
    0.719140      0.316927
    0.721470      0.257723
    0.723810      0.204803
    0.726140      0.159611
    0.728470      0.123162
    0.730810      0.095322
    0.733140      0.076106
    0.735480      0.064941
    0.737810      0.060756
    0.740140      0.063521
    0.742480      0.072042
    0.744810      0.085677
    0.747150      0.103804
    0.749480      0.124988
    0.751810      0.148540
    0.754150      0.173043
    0.756480      0.196861
    0.758820      0.218831
    0.761150      0.237443
    0.763490      0.251631
    0.765820      0.260461
    0.768150      0.263618
    0.770490      0.260872
    0.772820      0.252909
    0.775160      0.239792
    0.777490      0.222957
    0.779820      0.203176
    0.782160      0.181720
    0.784490      0.159665
    0.786830      0.137565
    0.789160      0.116376
    0.791490      0.096969
    0.793830      0.079194
    0.796160      0.063461
    0.798500      0.049956
    0.800830      0.038528
    0.803170      0.029177
    0.805500      0.021629
    0.807830      0.016028
    0.810170      0.011374
    0.812500      0.008154
    0.814840      0.006013
    0.817170      0.005361
    0.819500      0.005632
    0.821840      0.007597
    0.824170      0.011619
    0.826510      0.018871
    0.828840      0.030524
    0.831170      0.048753
    0.833510      0.076190
    0.835840      0.116108
    0.838180      0.172473
    0.840510      0.249197
    0.842840      0.350370
    0.845180      0.479338
    0.847510      0.638115
    0.849850      0.826676
    0.852180      1.042414
    0.854520      1.278904
    0.856850      1.527320
    0.859180      1.774712
    0.861520      2.006559
    0.863850      2.208199
    0.866190      2.364616
    0.868520      2.464083
    0.870850      2.498956
    0.873190      2.466115
    0.875520      2.368289
    0.877860      2.213385
    0.880190      2.013148
    0.882520      1.781604
    0.884860      1.534461
    0.887190      1.286187
    0.889530      1.048936
    0.891860      0.832762
    0.894200      0.643201
    0.896530      0.483458
    0.898860      0.353696
    0.901200      0.251783
    0.903530      0.174514
    0.905870      0.117554
    0.908200      0.076918
    0.910530      0.049188
    0.912870      0.030578
    0.915200      0.018609
    0.917540      0.010728
    0.919870      0.006249
    0.922200      0.003553
    0.924540      0.001791
    0.926870      0.001063
    0.929210      0.000433
    0.931540      0.000529
    0.933880      0.000593
    0.936210      0.000852
    0.938540      0.001628
    0.940880      0.002836
    0.943210      0.004973
    0.945550      0.008436
    0.947880      0.014223
    0.950210      0.022760
    0.952550      0.035876
    0.954880      0.054498
    0.957220      0.081057
    0.959550      0.117349
    0.961880      0.165590
    0.964220      0.227569
    0.966550      0.304985
    0.968890      0.398490
    0.971220      0.507999
    0.973550      0.632057
    0.975890      0.767133
    0.978220      0.909858
    0.980560      1.053461
    0.982890      1.192401
    0.985230      1.319651
    0.987560      1.427661
    0.989890      1.511521
    0.992230      1.565794
    0.994560      1.588319
    0.996900      1.577408
    0.999230      1.534501
    1.001560      1.462199
    1.003900      1.364716
    1.006230      1.247828
    1.008570      1.117642
    1.010900      0.981040
    1.013230      0.844147
    1.015570      0.712351
    1.017900      0.590708
    1.020240      0.482455
    1.022570      0.389836
    1.024910      0.313660
    1.027240      0.253950
    1.029570      0.209378
    1.031910      0.177896
    1.034240      0.157712
    1.036580      0.146309
    1.038910      0.141276
    1.041240      0.140998
    1.043580      0.143894
    1.045910      0.149743
    1.048250      0.158612
    1.050580      0.171378
    1.052910      0.189889
    1.055250      0.216565
    1.057580      0.253264
    1.059920      0.303269
    1.062250      0.368272
    1.064590      0.448615
    1.066920      0.544072
    1.069250      0.652403
    1.071590      0.769321
    1.073920      0.889024
    1.076260      1.004971
    1.078590      1.108910
    1.080920      1.193824
    1.083260      1.253497
    1.085590      1.283771
    1.087930      1.282320
    1.090260      1.250257
    1.092590      1.191243
    1.094930      1.110795
    1.097260      1.016049
    1.099600      0.915415
    1.101930      0.816507
    1.104270      0.726824
    1.106600      0.652410
    1.108930      0.598232
    1.111270      0.567318
    1.113600      0.561944
    1.115940      0.583000
    1.118270      0.630381
    1.120600      0.703445
    1.122940      0.800938
    1.125270      0.921048
    1.127610      1.062120
    1.129940      1.222631
    1.132270      1.400384
    1.134610      1.592864
    1.136940      1.797562
    1.139280      2.010996
    1.141610      2.228447
    1.143940      2.443389
    1.146280      2.648673
    1.148610      2.835456
    1.150950      2.994513
    1.153280      3.117226
    1.155620      3.196514
    1.157950      3.228528
    1.160280      3.212589
    1.162620      3.152065
    1.164950      3.053631
    1.167290      2.927328
    1.169620      2.784134
    1.171950      2.634684
    1.174290      2.488403
    1.176620      2.352057
    1.178960      2.228558
    1.181290      2.118570
    1.183620      2.019357
    1.185960      1.926754
    1.188290      1.836373
    1.190630      1.744554
    1.192960      1.649002
    1.195300      1.549191
    1.197630      1.447649
    1.199960      1.348412
    1.202300      1.256757
    1.204630      1.179527
    1.206970      1.122678
    1.209300      1.091959
    1.211630      1.091017
    1.213970      1.121289
    1.216300      1.181627
    1.218640      1.267382
    1.220970      1.371800
    1.223300      1.485009
    1.225640      1.595687
    1.227970      1.692510
    1.230310      1.764194
    1.232640      1.802469
    1.234980      1.801086
    1.237310      1.759225
    1.239640      1.678367
    1.241980      1.565933
    1.244310      1.431196
    1.246650      1.286067
    1.248980      1.143608
    1.251310      1.016616
    1.253650      0.915824
    1.255980      0.851085
    1.258320      0.828750
    1.260650      0.852306
    1.262980      0.921848
    1.265320      1.034698
    1.267650      1.185011
    1.269990      1.364140
    1.272320      1.561730
    1.274660      1.765239
    1.276990      1.962528
    1.279320      2.140633
    1.281660      2.288105
    1.283990      2.395691
    1.286330      2.456510
    1.288660      2.466279
    1.290990      2.425212
    1.293330      2.335095
    1.295660      2.202315
    1.298000      2.033915
    1.300330      1.839347
    1.302660      1.628677
    1.305000      1.412181
    1.307330      1.198906
    1.309670      0.996982
    1.312000      0.813049
    1.314330      0.651990
    1.316670      0.516730
    1.319000      0.408853
    1.321340      0.328562
    1.323670      0.275223
    1.326010      0.247649
    1.328340      0.244693
    1.330670      0.265122
    1.333010      0.307373
    1.335340      0.370933
    1.337680      0.454814
    1.340010      0.558370
    1.342340      0.680693
    1.344680      0.820435
    1.347010      0.975631
    1.349350      1.143523
    1.351680      1.319708
    1.354010      1.498752
    1.356350      1.673104
    1.358680      1.835293
    1.361020      1.976014
    1.363350      2.086389
    1.365690      2.158498
    1.368020      2.186426
    1.370350      2.167603
    1.372690      2.102174
    1.375020      1.994257
    1.377360      1.851555
    1.379690      1.684849
    1.382020      1.506567
    1.384360      1.329980
    1.386690      1.167943
    1.389030      1.032276
    1.391360      0.932747
    1.393690      0.876703
    1.396030      0.868646
    1.398360      0.910491
    1.400700      1.001798
    1.403030      1.139231
    1.405370      1.317105
    1.407700      1.527606
    1.410030      1.760274
    1.412370      2.003220
    1.414700      2.243113
    1.417040      2.466008
    1.419370      2.658282
    1.421700      2.808006
    1.424040      2.905180
    1.426370      2.943641
    1.428710      2.920140
    1.431040      2.836772
    1.433370      2.698779
    1.435710      2.515086
    1.438040      2.296675
    1.440380      2.056652
    1.442710      1.807180
    1.445040      1.560055
    1.447380      1.326194
    1.449710      1.112528
    1.452050      0.925034
    1.454380      0.767033
    1.456720      0.639297
    1.459050      0.542367
    1.461380      0.474290
    1.463720      0.434607
    1.466050      0.421271
    1.468390      0.433657
    1.470720      0.470235
    1.473050      0.530196
    1.475390      0.612413
    1.477720      0.714224
    1.480060      0.832938
    1.482390      0.964297
    1.484720      1.102963
    1.487060      1.242623
    1.489390      1.376663
    1.491730      1.498003
    1.494060      1.601043
    1.496400      1.680218
    1.498730      1.732044
    1.501060      1.755124
    1.503400      1.750645
    1.505730      1.722191
    1.508070      1.675961
    1.510400      1.620790
    1.512730      1.568433
    1.515070      1.532278
    1.517400      1.527436
    1.519740      1.569119
    1.522070      1.671933
    1.524400      1.847284
    1.526740      2.103105
    1.529070      2.440880
    1.531410      2.855228
    1.533740      3.332654
    1.536080      3.852105
    1.538410      4.385405
    1.540740      4.900449
    1.543080      5.363680
    1.545410      5.742793
    1.547750      6.010901
    1.550080      6.149501
    1.552410      6.149478
    1.554750      6.012783
    1.557080      5.752088
    1.559420      5.388190
    1.561750      4.949002
    1.564080      4.465185
    1.566420      3.970108
    1.568750      3.494236
    1.571090      3.064849
    1.573420      2.704214
    1.575760      2.429104
    1.578090      2.249325
    1.580420      2.168738
    1.582760      2.185124
    1.585090      2.289867
    1.587430      2.470215
    1.589760      2.708161
    1.592090      2.983201
    1.594430      3.272401
    1.596760      3.552687
    1.599100      3.801292
    1.601430      3.999447
    1.603760      4.130500
    1.606100      4.184853
    1.608430      4.158656
    1.610770      4.054208
    1.613100      3.880144
    1.615430      3.651292
    1.617770      3.386209
    1.620100      3.106539
    1.622440      2.834328
    1.624770      2.590748
    1.627110      2.392994
    1.629440      2.253837
    1.631770      2.180530
    1.634110      2.172162
    1.636440      2.222130
    1.638780      2.317492
    1.641110      2.440241
    1.643440      2.569945
    1.645780      2.685569
    1.648110      2.767869
    1.650450      2.801178
    1.652780      2.776587
    1.655110      2.690712
    1.657450      2.547737
    1.659780      2.356469
    1.662120      2.131945
    1.664450      1.890244
    1.666790      1.648695
    1.669120      1.423273
    1.671450      1.227666
    1.673790      1.071294
    1.676120      0.960320
    1.678460      0.895885
    1.680790      0.876518
    1.683120      0.898061
    1.685460      0.954770
    1.687790      1.040766
    1.690130      1.151308
    1.692460      1.283819
    1.694790      1.438367
    1.697130      1.618620
    1.699460      1.831080
    1.701800      2.084073
    1.704130      2.387381
    1.706470      2.748277
    1.708800      3.171154
    1.711130      3.654928
    1.713470      4.190673
    1.715800      4.763554
    1.718140      5.350022
    1.720470      5.923560
    1.722800      6.454584
    1.725140      6.915409
    1.727470      7.283173
    1.729810      7.542779
    1.732140      7.688168
    1.734470      7.722971
    1.736810      7.658836
    1.739140      7.512795
    1.741480      7.305436
    1.743810      7.056611
    1.746150      6.783521
    1.748480      6.498501
    1.750810      6.209264
    1.753150      5.918053
    1.755480      5.624203
    1.757820      5.324412
    1.760150      5.015808
    1.762480      4.696081
    1.764820      4.366038
    1.767150      4.028065
    1.769490      3.688298
    1.771820      3.355212
    1.774150      3.038835
    1.776490      2.749845
    1.778820      2.499028
    1.781160      2.296194
    1.783490      2.148207
    1.785820      2.059126
    1.788160      2.029312
    1.790490      2.054046
    1.792830      2.125060
    1.795160      2.230947
    1.797500      2.356927
    1.799830      2.488916
    1.802160      2.613486
    1.804500      2.719212
    1.806830      2.798017
    1.809170      2.847231
    1.811500      2.866664
    1.813830      2.860047
    1.816170      2.832088
    1.818500      2.789161
    1.820840      2.736459
    1.823170      2.678552
    1.825500      2.617904
    1.827840      2.556180
    1.830170      2.494603
    1.832510      2.434637
    1.834840      2.378762
    1.837180      2.330766
    1.839510      2.295691
    1.841840      2.278039
    1.844180      2.283041
    1.846510      2.313424
    1.848850      2.369872
    1.851180      2.449391
    1.853510      2.545854
    1.855850      2.649503
    1.858180      2.749643
    1.860520      2.834977
    1.862850      2.895090
    1.865180      2.923956
    1.867520      2.918901
    1.869850      2.883242
    1.872190      2.825023
    1.874520      2.757164
    1.876860      2.694864
    1.879190      2.654811
    1.881520      2.651698
    1.883860      2.698095
    1.886190      2.801996
    1.888530      2.965980
    1.890860      3.188353
    1.893190      3.462847
    1.895530      3.779892
    1.897860      4.128858
    1.900200      4.497135
    1.902530      4.873553
    1.904860      5.245876
    1.907200      5.603635
    1.909530      5.935280
    1.911870      6.230284
    1.914200      6.477766
    1.916530      6.667338
    1.918870      6.789403
    1.921200      6.836981
    1.923540      6.805966
    1.925870      6.695189
    1.928210      6.508923
    1.930540      6.255104
    1.932870      5.945383
    1.935210      5.593970
    1.937540      5.216357
    1.939880      4.829064
    1.942210      4.446415
    1.944540      4.081362
    1.946880      3.743900
    1.949210      3.440620
    1.951550      3.174864
    1.953880      2.946753
    1.956210      2.754187
    1.958550      2.592680
    1.960880      2.457922
    1.963220      2.344755
    1.965550      2.249259
    1.967890      2.168376
    1.970220      2.101213
    1.972550      2.047319
    1.974890      2.008114
    1.977220      1.984911
    1.979560      1.979262
    1.981890      1.992498
    1.984220      2.025017
    1.986560      2.076531
    1.988890      2.146090
    1.991230      2.232011
    1.993560      2.332036
    1.995890      2.444062
    1.998230      2.565562
    2.000560      2.693873
    2.002900      2.826340
    2.005230      2.959681
    2.007570      3.091008
    2.009900      3.216022
    2.012230      3.329094
    2.014570      3.424222
    2.016900      3.493647
    2.019240      3.530875
    2.021570      3.528657
    2.023900      3.482156
    2.026240      3.390312
    2.028570      3.255766
    2.030910      3.085904
    2.033240      2.893408
    2.035570      2.694046
    2.037910      2.507614
    2.040240      2.353157
    2.042580      2.250010
    2.044910      2.212338
    2.047250      2.250272
    2.049580      2.366398
    2.051910      2.555706
    2.054250      2.806347
    2.056580      3.099241
    2.058920      3.410817
    2.061250      3.714679
    2.063580      3.984713
    2.065920      4.197931
    2.068250      4.336503
    2.070590      4.390813
    2.072920      4.359011
    2.075250      4.248610
    2.077590      4.075328
    2.079920      3.860158
    2.082260      3.627936
    2.084590      3.403978
    2.086920      3.211718
    2.089260      3.069022
    2.091590      2.987658
    2.093930      2.971771
    2.096260      3.018362
    2.098600      3.117439
    2.100930      3.253732
    2.103260      3.409279
    2.105600      3.565446
    2.107930      3.704706
    2.110270      3.812404
    2.112600      3.877953
    2.114930      3.894971
    2.117270      3.861790
    2.119600      3.780595
    2.121940      3.657502
    2.124270      3.500552
    2.126600      3.320047
    2.128940      3.127504
    2.131270      2.935582
    2.133610      2.757004
    2.135940      2.604452
    2.138280      2.490022
    2.140610      2.423127
    2.142940      2.410776
    2.145280      2.455896
    2.147610      2.556957
    2.149950      2.706448
    2.152280      2.892657
    2.154610      3.099715
    2.156950      3.309397
    2.159280      3.503391
    2.161620      3.665186
    2.163950      3.783966
    2.166280      3.854329
    2.168620      3.878522
    2.170950      3.866621
    2.173290      3.834107
    2.175620      3.800406
    2.177960      3.786566
    2.180290      3.811028
    2.182620      3.886671
    2.184960      4.020505
    2.187290      4.210395
    2.189630      4.447041
    2.191960      4.713275
    2.194290      4.989270
    2.196630      5.252184
    2.198960      5.481054
    2.201300      5.658455
    2.203630      5.772682
    2.205960      5.817672
    2.208300      5.794004
    2.210630      5.707054
    2.212970      5.565954
    2.215300      5.381440
    2.217640      5.164987
    2.219970      4.927457
    2.222300      4.677316
    2.224640      4.421828
    2.226970      4.167191
    2.229310      3.917726
    2.231640      3.677361
    2.233970      3.450902
    2.236310      3.242191
    2.238640      3.055994
    2.240980      2.897257
    2.243310      2.769907
    2.245640      2.677610
    2.247980      2.621689
    2.250310      2.602175
    2.252650      2.616681
    2.254980      2.660799
    2.257310      2.728351
    2.259650      2.811272
    2.261980      2.900337
    2.264320      2.986377
    2.266650      3.060363
    2.268990      3.114214
    2.271320      3.142391
    2.273650      3.140886
    2.275990      3.109014
    2.278320      3.048632
    2.280660      2.964431
    2.282990      2.862472
    2.285320      2.750048
    2.287660      2.634663
    2.289990      2.522375
    2.292330      2.418781
    2.294660      2.327242
    2.296990      2.249685
    2.299330      2.188038
    2.301660      2.142988
    2.304000      2.115388
    2.306330      2.107393
    2.308670      2.119906
    2.311000      2.153922
    2.313330      2.208449
    2.315670      2.281073
    2.318000      2.365502
    2.320340      2.452986
    2.322670      2.533197
    2.325000      2.593333
    2.327340      2.621901
    2.329670      2.609160
    2.332010      2.549229
    2.334340      2.440890
    2.336670      2.287953
    2.339010      2.099025
    2.341340      1.886363
    2.343680      1.664096
    2.346010      1.447870
    2.348350      1.251347
    2.350680      1.087191
    2.353010      0.963747
    2.355350      0.886082
    2.357680      0.856212
    2.360020      0.870937
    2.362350      0.924599
    2.364680      1.008458
    2.367020      1.112248
    2.369350      1.223090
    2.371690      1.329123
    2.374020      1.419644
    2.376350      1.484721
    2.378690      1.518877
    2.381020      1.518831
    2.383360      1.485876
    2.385690      1.423724
    2.388020      1.339762
    2.390360      1.242540
    2.392690      1.141526
    2.395030      1.044926
    2.397360      0.959557
    2.399700      0.890159
    2.402030      0.838398
    2.404360      0.804624
    2.406700      0.786281
    2.409030      0.780308
    2.411370      0.782497
    2.413700      0.789863
    2.416030      0.799174
    2.418370      0.809282
    2.420700      0.819366
    2.423040      0.830722
    2.425370      0.845141
    2.427700      0.864987
    2.430040      0.893421
    2.432370      0.932352
    2.434710      0.984724
    2.437040      1.051532
    2.439380      1.133622
    2.441710      1.230029
    2.444040      1.338801
    2.446380      1.456991
    2.448710      1.580487
    2.451050      1.703542
    2.453380      1.821355
    2.455710      1.927363
    2.458050      2.016580
    2.460380      2.083888
    2.462720      2.125716
    2.465050      2.139764
    2.467380      2.124938
    2.469720      2.082603
    2.472050      2.015248
    2.474390      1.927413
    2.476720      1.825073
    2.479060      1.715397
    2.481390      1.606561
    2.483720      1.507582
    2.486060      1.426166
    2.488390      1.371324
    2.490730      1.348656
    2.493060      1.362336
    2.495390      1.414006
    2.497730      1.501043
    2.500060      1.618566
    2.502400      1.757717
    2.504730      1.908081
    2.507060      2.057765
    2.509400      2.195485
    2.511730      2.311783
    2.514070      2.399864
    2.516400      2.457478
    2.518740      2.485960
    2.521070      2.491075
    2.523400      2.480550
    2.525740      2.464765
    2.528070      2.453193
    2.530410      2.453571
    2.532740      2.470429
    2.535070      2.504343
    2.537410      2.551473
    2.539740      2.604691
    2.542080      2.653642
    2.544410      2.686867
    2.546740      2.693172
    2.549080      2.663816
    2.551410      2.593665
    2.553750      2.481791
    2.556080      2.331416
    2.558410      2.151176
    2.560750      1.952406
    2.563080      1.749218
    2.565420      1.556848
    2.567750      1.389891
    2.570090      1.261678
    2.572420      1.183066
    2.574750      1.161278
    2.577090      1.199962
    2.579420      1.298407
    2.581760      1.452476
    2.584090      1.653671
    2.586420      1.891039
    2.588760      2.150295
    2.591090      2.416526
    2.593430      2.674280
    2.595760      2.909636
    2.598090      3.109742
    2.600430      3.265627
    2.602760      3.371576
    2.605100      3.424743
    2.607430      3.426137
    2.609770      3.378611
    2.612100      3.287165
    2.614430      3.157513
    2.616770      2.996664
    2.619100      2.810455
    2.621440      2.605331
    2.623770      2.387498
    2.626100      2.162278
    2.628440      1.935459
    2.630770      1.713099
    2.633110      1.500307
    2.635440      1.302478
    2.637770      1.125706
    2.640110      0.974602
    2.642440      0.854356
    2.644780      0.768467
    2.647110      0.720326
    2.649450      0.710789
    2.651780      0.740444
    2.654110      0.807376
    2.656450      0.907341
    2.658780      1.035379
    2.661120      1.184479
    2.663450      1.347175
    2.665780      1.514453
    2.668120      1.679196
    2.670450      1.834979
    2.672790      1.976736
    2.675120      2.101714
    2.677450      2.209340
    2.679790      2.299395
    2.682120      2.373671
    2.684460      2.432929
    2.686790      2.478364
    2.689130      2.509231
    2.691460      2.524520
    2.693790      2.521891
    2.696130      2.499073
    2.698460      2.454264
    2.700800      2.387009
    2.703130      2.298476
    2.705460      2.191230
    2.707800      2.070179
    2.710130      1.941007
    2.712470      1.810544
    2.714800      1.684852
    2.717130      1.571244
    2.719470      1.475190
    2.721800      1.402979
    2.724140      1.360484
    2.726470      1.353717
    2.728800      1.388667
    2.731140      1.472257
    2.733470      1.609953
    2.735810      1.806975
    2.738140      2.065761
    2.740480      2.385562
    2.742810      2.761080
    2.745140      3.182297
    2.747480      3.634774
    2.749810      4.099016
    2.752150      4.552996
    2.754480      4.972835
    2.756810      5.335311
    2.759150      5.619531
    2.761480      5.809683
    2.763820      5.895613
    2.766150      5.875104
    2.768480      5.753251
    2.770820      5.542305
    2.773150      5.260667
    2.775490      4.930204
    2.777820      4.575735
    2.780160      4.220516
    2.782490      3.885827
    2.784820      3.588222
    2.787160      3.339298
    2.789490      3.143488
    2.791830      3.000719
    2.794160      2.904458
    2.796490      2.844719
    2.798830      2.809000
    2.801160      2.783709
    2.803500      2.755744
    2.805830      2.713864
    2.808160      2.649917
    2.810500      2.558571
    2.812830      2.439527
    2.815170      2.294455
    2.817500      2.129614
    2.819840      1.952201
    2.822170      1.771439
    2.824500      1.596485
    2.826840      1.436222
    2.829170      1.297528
    2.831510      1.185586
    2.833840      1.102479
    2.836170      1.048102
    2.838510      1.019992
    2.840840      1.013030
    2.843180      1.021077
    2.845510      1.036597
    2.847840      1.051806
    2.850180      1.060412
    2.852510      1.056088
    2.854850      1.035320
    2.857180      0.996572
    2.859510      0.939840
    2.861850      0.867479
    2.864180      0.783613
    2.866520      0.692405
    2.868850      0.599442
    2.871190      0.510166
    2.873520      0.428947
    2.875850      0.359431
    2.878190      0.304167
    2.880520      0.264779
    2.882860      0.242280
    2.885190      0.235772
    2.887520      0.244756
    2.889860      0.267944
    2.892190      0.303575
    2.894530      0.350079
    2.896860      0.406615
    2.899190      0.472506
    2.901530      0.547322
    2.903860      0.632574
    2.906200      0.728902
    2.908530      0.838085
    2.910870      0.961590
    2.913200      1.099719
    2.915530      1.252064
    2.917870      1.416432
    2.920200      1.588731
    2.922540      1.762847
    2.924870      1.931497
    2.927200      2.087287
    2.929540      2.222290
    2.931870      2.330641
    2.934210      2.408125
    2.936540      2.454420
    2.938870      2.470985
    2.941210      2.461871
    2.943540      2.433446
    2.945880      2.391678
    2.948210      2.342936
    2.950550      2.291473
    2.952880      2.239767
    2.955210      2.187871
    2.957550      2.133591
    2.959880      2.074777
    2.962220      2.007353
    2.964550      1.930639
    2.966880      1.843749
    2.969220      1.750626
    2.971550      1.655671
    2.973890      1.567914
    2.976220      1.496392
    2.978550      1.452330
    2.980890      1.444831
    2.983220      1.482401
    2.985560      1.569929
    2.987890      1.708736
    2.990230      1.895445
    2.992560      2.122086
    2.994890      2.376588
    2.997230      2.642078
    2.999560      2.900238
    3.001900      3.130945
    3.004230      3.315058
    3.006560      3.436306
    3.008900      3.482279
    3.011230      3.447343
    3.013570      3.331497
    3.015900      3.141646
    3.018230      2.889648
    3.020570      2.592365
    3.022900      2.267137
    3.025240      1.933276
    3.027570      1.606944
    3.029900      1.301808
    3.032240      1.028030
    3.034570      0.792014
    3.036910      0.595365
    3.039240      0.438406
    3.041580      0.317681
    3.043910      0.229835
    3.046240      0.170556
    3.048580      0.136414
    3.050910      0.124305
    3.053250      0.132647
    3.055580      0.160602
    3.057910      0.208039
    3.060250      0.276340
    3.062580      0.366145
    3.064920      0.478737
    3.067250      0.613345
    3.069580      0.769200
    3.071920      0.943626
    3.074250      1.132933
    3.076590      1.331020
    3.078920      1.531460
    3.081260      1.727218
    3.083590      1.911059
    3.085920      2.076800
    3.088260      2.219610
    3.090590      2.335867
    3.092930      2.425339
    3.095260      2.488750
    3.097590      2.529184
    3.099930      2.551318
    3.102260      2.559912
    3.104600      2.560151
    3.106930      2.556719
    3.109260      2.553092
    3.111600      2.550717
    3.113930      2.550075
    3.116270      2.549831
    3.118600      2.547545
    3.120940      2.540596
    3.123270      2.526526
    3.125600      2.503867
    3.127940      2.472827
    3.130270      2.436221
    3.132610      2.399158
    3.134940      2.368569
    3.137270      2.352914
    3.139610      2.362388
    3.141940      2.404635
    3.144280      2.486781
    3.146610      2.612290
    3.148940      2.780036
    3.151280      2.984821
    3.153610      3.216283
    3.155950      3.460496
    3.158280      3.700523
    3.160620      3.918664
    3.162950      4.098826
    3.165280      4.227021
    3.167620      4.294713
    3.169950      4.298552
    3.172290      4.240713
    3.174620      4.129169
    3.176950      3.975487
    3.179290      3.794223
    3.181620      3.600623
    3.183960      3.408750
    3.186290      3.229745
    3.188620      3.071934
    3.190960      2.938984
    3.193290      2.831112
    3.195630      2.745201
    3.197960      2.675130
    3.200290      2.613661
    3.202630      2.553683
    3.204960      2.487384
    3.207300      2.410269
    3.209630      2.318110
    3.211970      2.211016
    3.214300      2.090098
    3.216630      1.959682
    3.218970      1.826019
    3.221300      1.696244
    3.223640      1.578296
    3.225970      1.478756
    3.228300      1.403429
    3.230640      1.355398
    3.232970      1.334909
    3.235310      1.339842
    3.237640      1.365165
    3.239970      1.404808
    3.242310      1.451824
    3.244640      1.499785
    3.246980      1.543983
    3.249310      1.582298
    3.251650      1.613941
    3.253980      1.641357
    3.256310      1.667516
    3.258650      1.695676
    3.260980      1.728153
    3.263320      1.766452
    3.265650      1.808040
    3.267980      1.850002
    3.270320      1.887043
    3.272650      1.913192
    3.274990      1.924183
    3.277320      1.916500
    3.279650      1.890701
    3.281990      1.849494
    3.284320      1.799312
    3.286660      1.748129
    3.288990      1.705408
    3.291330      1.680043
    3.293660      1.678698
    3.295990      1.704973
    3.298330      1.759258
    3.300660      1.837053
    3.303000      1.930615
    3.305330      2.029833
    3.307660      2.122478
    3.310000      2.196547
    3.312330      2.241279
    3.314670      2.248310
    3.317000      2.212762
    3.319330      2.133721
    3.321670      2.013455
    3.324000      1.858127
    3.326340      1.676315
    3.328670      1.477608
    3.331000      1.272633
    3.333340      1.070520
    3.335670      0.879913
    3.338010      0.707263
    3.340340      0.555767
    3.342680      0.428605
    3.345010      0.325594
    3.347340      0.245886
    3.349680      0.187534
    3.352010      0.148088
    3.354350      0.125042
    3.356680      0.115711
    3.359010      0.116859
    3.361350      0.126662
    3.363680      0.142667
    3.366020      0.162466
    3.368350      0.184126
    3.370680      0.205136
    3.373020      0.223421
    3.375350      0.238203
    3.377690      0.247565
    3.380020      0.250818
    3.382360      0.248646
    3.384690      0.241449
    3.387020      0.231131
    3.389360      0.219488
    3.391690      0.209738
    3.394030      0.205442
    3.396360      0.210771
